11.04
8.01
13.02
3.02
1.01
1.02
6.02
5.01
16.02
136.02
18.02
1.01
8.02
5.02
3.02
6.01
12.01
3.02
8.01
144.03
2.00
15.01
2.02
2.01
3.01
19.01
12.01
1.01
12.01
136.02
5.01
8.01
5.00
8.01
1.02
2.01
22.01
11.01
2.01
121.02
25.01
7.01
1.01
13.01
2.01
23.01
13.01
13.08
2.01
81.01
35.01
28.01
9.01
4.01
2.00
6.01
35.01
12.01
6.00
83.02
28.01
16.00
1.01
27.01
1.01
3.01
55.01
6.00
2.01
71.02
28.00
16.01
11.01
21.01
7.01
19.00
15.01
22.01
2.01
79.01
15.01
13.01
6.01
12.00
27.01
9.01
25.01
24.01
28.01
51.01
24.01
1.01
3.01
28.01
7.01
9.01
25.01
42.01
12.01
49.01
24.01
19.00
3.01
2.01
7.01
17.01
35.01
42.01
2.00
39.02
53.01
1.01
1.01
13.00
8.01
16.01
45.01
12.01
12.00
69.01
3.01
11.01
31.01
3.00
8.01
26.01
17.01
8.01
24.01
59.01
24.01
19.00
3.01
9.01
43.01
1.00
3.01
19.01
26.01
67.01
16.01
3.01
22.01
1.00
45.02
8.00
3.01
16.01
19.01
47.01
31.01
8.01
17.01
6.00
45.01
8.01
13.01
6.01
39.01
37.01
31.00
18.01
3.01
4.01
39.01
2.01
31.00
6.01
19.01
67.01
11.01
5.01
23.00
18.01
5.01
43.01
3.01
16.01
9.00
73.02
4.00
19.01
13.01
9.01
