1.0
12.04
20.05
33.07
36.09
37.10
38.12
44.14
49.15
65.17
201.19
219.21
220.22
228.24
233.26
236.28
242.29
254.30
257.32
265.33
409.36
411.36
426.37
428.39
430.40
433.41
452.42
464.43
465.44
477.45
613.47
618.48
626.49
631.49
639.50
640.52
642.53
664.54
675.55
677.56
798.58
823.59
830.60
831.61
844.62
846.63
869.64
882.65
895.73
897.74
978.75
1013.76
1041.77
1050.78
1054.79
1056.79
1062.80
1097.81
1109.82
1115.82
1198.84
1226.85
1242.85
1243.86
1270.87
1271.88
1274.89
1329.90
1335.90
1337.91
1408.93
1436.93
1452.94
1463.95
1484.96
1491.97
1510.97
1525.98
1547.99
1550.00
1629.01
1644.02
1657.03
1663.04
1675.04
1702.05
1711.06
1736.07
1760.08
1788.09
1839.10
1863.11
1864.12
1867.13
1895.14
1902.15
1911.16
1936.17
1978.18
1990.19
2039.20
2063.21
2082.21
2085.22
2087.23
2094.24
2111.25
2146.26
2188.27
2190.27
2229.29
2282.30
2283.31
2284.32
2297.32
2305.33
2321.34
2366.35
2378.36
2390.36
2459.37
2462.38
2473.39
2504.40
2507.40
2515.41
2541.42
2558.43
2566.44
2590.45
2649.46
2673.47
2692.47
2695.48
2704.49
2747.50
2748.50
2751.51
2770.52
2796.53
2863.54
2879.55
2882.56
2904.57
2905.57
2950.59
2958.59
2961.60
2977.61
2996.62
3043.63
3074.64
3082.65
3099.66
3105.66
3150.67
3158.68
3171.69
3177.70
3216.71
3253.72
3284.72
3302.73
3305.74
3309.75
3348.76
3350.77
3381.77
3387.78
3406.79
3473.80
3484.81
3489.82
3512.82
3530.83
3535.84
3578.85
3581.86
3597.87
3606.87
3679.89
3683.89
3702.90
3715.91
3724.92
