59.726655007794 30.505393128123
59.879613118564 30.850357116433
59.921048221419 30.740749542708
59.679103357481 30.816549092303
59.798054574808 30.237184973811
59.778070563315 30.996536319187
59.563173728123 30.243402828289
59.663953889624 30.862633110621
59.860303946451 30.944488367577
59.542784551005 30.443429922543
59.860296869820 30.409383314823
59.820473453370 30.284177331201
59.869326270605 30.425318228716
59.672768092814 30.293065666985
59.757012848866 30.571960936688
59.892736808181 30.364049439883
59.942235397312 30.670071613862
59.525439189822 30.761397539814
59.503171823195 30.946485389960
59.760867184264 30.570680754153
